{
 "cells": [
  {
   "cell_type": "code",
   "execution_count": 1,
   "metadata": {},
   "outputs": [],
   "source": [
    "import os\n",
    "import numpy as np \n",
    "import pandas as pd \n",
    "import matplotlib.pyplot as plt\n",
    "import seaborn as sns\n",
    "%matplotlib inline"
   ]
  },
  {
   "cell_type": "code",
   "execution_count": 2,
   "metadata": {},
   "outputs": [
    {
     "data": {
      "text/plain": [
       "['LGB_2019-09-10_0.9101.csv',\n",
       " 'LGB_2019-09-11_0.9187.csv',\n",
       " 'LGB_2019-09-11_0.9191.csv',\n",
       " 'LGB_2019-09-11_0.9185.csv',\n",
       " 'LGB_2019-09-11_0.9218.csv',\n",
       " '.DS_Store',\n",
       " 'LGB_2019-09-10_0.9106.csv',\n",
       " 'LGB_baseline.csv',\n",
       " 'LGB_2019-09-16_0.9221.csv',\n",
       " 'LGB_2019-09-08_0.9090.csv',\n",
       " 'LGB_2019-09-16_0.9215.csv',\n",
       " 'LGB_2019-09-10_0.9155.csv',\n",
       " 'LGB_2019-09-16_0.9213.csv',\n",
       " 'LGB_2019-09-10_0.9153.csv',\n",
       " 'LGB_2019-09-10_0.9108.csv',\n",
       " 'LGB_2019-09-08_0.9161.csv',\n",
       " 'LGB_2019-09-09_0.9086.csv',\n",
       " 'LGB_2019-09-11_0.9167.csv',\n",
       " 'LGB_2019-09-11_0.9211.csv',\n",
       " 'LGB_2019-09-12_0.9101_smirnov05.csv',\n",
       " 'LGB_2019-09-11_0.9189.csv']"
      ]
     },
     "execution_count": 2,
     "metadata": {},
     "output_type": "execute_result"
    }
   ],
   "source": [
    "sub_path = \"./outputs/prediction\"\n",
    "all_files = os.listdir(sub_path)\n",
    "all_files"
   ]
  },
  {
   "cell_type": "code",
   "execution_count": 3,
   "metadata": {},
   "outputs": [],
   "source": [
    "import warnings\n",
    "warnings.filterwarnings(\"ignore\")\n",
    "outs = [pd.read_csv(os.path.join(sub_path, f), index_col=0) for f in all_files]\n",
    "concat_sub = pd.concat(outs, axis=1)\n",
    "cols = list(map(lambda x: \"mol\" + str(x), range(len(concat_sub.columns))))\n",
    "concat_sub.columns = cols\n",
    "concat_sub.reset_index(inplace=True)\n",
    "concat_sub.head()\n",
    "ncol = concat_sub.shape[1]"
   ]
  },
  {
   "cell_type": "code",
   "execution_count": 4,
   "metadata": {},
   "outputs": [
    {
     "data": {
      "text/html": [
       "<div>\n",
       "<style scoped>\n",
       "    .dataframe tbody tr th:only-of-type {\n",
       "        vertical-align: middle;\n",
       "    }\n",
       "\n",
       "    .dataframe tbody tr th {\n",
       "        vertical-align: top;\n",
       "    }\n",
       "\n",
       "    .dataframe thead th {\n",
       "        text-align: right;\n",
       "    }\n",
       "</style>\n",
       "<table border=\"1\" class=\"dataframe\">\n",
       "  <thead>\n",
       "    <tr style=\"text-align: right;\">\n",
       "      <th></th>\n",
       "      <th>mol0</th>\n",
       "      <th>mol1</th>\n",
       "      <th>mol2</th>\n",
       "      <th>mol3</th>\n",
       "      <th>mol4</th>\n",
       "      <th>mol5</th>\n",
       "      <th>mol6</th>\n",
       "      <th>mol7</th>\n",
       "      <th>mol8</th>\n",
       "      <th>mol9</th>\n",
       "      <th>mol10</th>\n",
       "      <th>mol11</th>\n",
       "      <th>mol12</th>\n",
       "      <th>mol13</th>\n",
       "      <th>mol14</th>\n",
       "      <th>mol15</th>\n",
       "      <th>mol16</th>\n",
       "      <th>mol17</th>\n",
       "      <th>mol18</th>\n",
       "      <th>mol19</th>\n",
       "    </tr>\n",
       "  </thead>\n",
       "  <tbody>\n",
       "    <tr>\n",
       "      <th>mol0</th>\n",
       "      <td>1.000000</td>\n",
       "      <td>0.978243</td>\n",
       "      <td>0.979730</td>\n",
       "      <td>0.979535</td>\n",
       "      <td>0.973913</td>\n",
       "      <td>0.987235</td>\n",
       "      <td>0.984901</td>\n",
       "      <td>0.971926</td>\n",
       "      <td>0.965778</td>\n",
       "      <td>0.973097</td>\n",
       "      <td>0.982656</td>\n",
       "      <td>0.971021</td>\n",
       "      <td>0.982905</td>\n",
       "      <td>0.985618</td>\n",
       "      <td>0.975640</td>\n",
       "      <td>0.966275</td>\n",
       "      <td>0.982388</td>\n",
       "      <td>0.974928</td>\n",
       "      <td>0.981843</td>\n",
       "      <td>0.979000</td>\n",
       "    </tr>\n",
       "    <tr>\n",
       "      <th>mol1</th>\n",
       "      <td>0.978243</td>\n",
       "      <td>1.000000</td>\n",
       "      <td>0.994291</td>\n",
       "      <td>0.993053</td>\n",
       "      <td>0.989928</td>\n",
       "      <td>0.988001</td>\n",
       "      <td>0.984721</td>\n",
       "      <td>0.992802</td>\n",
       "      <td>0.971170</td>\n",
       "      <td>0.988123</td>\n",
       "      <td>0.991348</td>\n",
       "      <td>0.990833</td>\n",
       "      <td>0.991354</td>\n",
       "      <td>0.988660</td>\n",
       "      <td>0.984535</td>\n",
       "      <td>0.971171</td>\n",
       "      <td>0.991401</td>\n",
       "      <td>0.993837</td>\n",
       "      <td>0.986439</td>\n",
       "      <td>0.993647</td>\n",
       "    </tr>\n",
       "    <tr>\n",
       "      <th>mol2</th>\n",
       "      <td>0.979730</td>\n",
       "      <td>0.994291</td>\n",
       "      <td>1.000000</td>\n",
       "      <td>0.995675</td>\n",
       "      <td>0.992016</td>\n",
       "      <td>0.989729</td>\n",
       "      <td>0.986612</td>\n",
       "      <td>0.990888</td>\n",
       "      <td>0.972320</td>\n",
       "      <td>0.989945</td>\n",
       "      <td>0.993737</td>\n",
       "      <td>0.988392</td>\n",
       "      <td>0.993614</td>\n",
       "      <td>0.990829</td>\n",
       "      <td>0.985232</td>\n",
       "      <td>0.972351</td>\n",
       "      <td>0.994354</td>\n",
       "      <td>0.991535</td>\n",
       "      <td>0.988257</td>\n",
       "      <td>0.996468</td>\n",
       "    </tr>\n",
       "    <tr>\n",
       "      <th>mol3</th>\n",
       "      <td>0.979535</td>\n",
       "      <td>0.993053</td>\n",
       "      <td>0.995675</td>\n",
       "      <td>1.000000</td>\n",
       "      <td>0.990997</td>\n",
       "      <td>0.989770</td>\n",
       "      <td>0.986479</td>\n",
       "      <td>0.989632</td>\n",
       "      <td>0.972142</td>\n",
       "      <td>0.989002</td>\n",
       "      <td>0.994090</td>\n",
       "      <td>0.987242</td>\n",
       "      <td>0.994014</td>\n",
       "      <td>0.990932</td>\n",
       "      <td>0.985334</td>\n",
       "      <td>0.972152</td>\n",
       "      <td>0.994735</td>\n",
       "      <td>0.990556</td>\n",
       "      <td>0.988426</td>\n",
       "      <td>0.997372</td>\n",
       "    </tr>\n",
       "    <tr>\n",
       "      <th>mol4</th>\n",
       "      <td>0.973913</td>\n",
       "      <td>0.989928</td>\n",
       "      <td>0.992016</td>\n",
       "      <td>0.990997</td>\n",
       "      <td>1.000000</td>\n",
       "      <td>0.983980</td>\n",
       "      <td>0.982443</td>\n",
       "      <td>0.992541</td>\n",
       "      <td>0.969079</td>\n",
       "      <td>0.994554</td>\n",
       "      <td>0.988295</td>\n",
       "      <td>0.989449</td>\n",
       "      <td>0.988403</td>\n",
       "      <td>0.984869</td>\n",
       "      <td>0.983751</td>\n",
       "      <td>0.969034</td>\n",
       "      <td>0.988968</td>\n",
       "      <td>0.992694</td>\n",
       "      <td>0.984324</td>\n",
       "      <td>0.991469</td>\n",
       "    </tr>\n",
       "    <tr>\n",
       "      <th>mol5</th>\n",
       "      <td>0.987235</td>\n",
       "      <td>0.988001</td>\n",
       "      <td>0.989729</td>\n",
       "      <td>0.989770</td>\n",
       "      <td>0.983980</td>\n",
       "      <td>1.000000</td>\n",
       "      <td>0.992529</td>\n",
       "      <td>0.982514</td>\n",
       "      <td>0.976389</td>\n",
       "      <td>0.983465</td>\n",
       "      <td>0.992935</td>\n",
       "      <td>0.984057</td>\n",
       "      <td>0.993185</td>\n",
       "      <td>0.995489</td>\n",
       "      <td>0.986840</td>\n",
       "      <td>0.976582</td>\n",
       "      <td>0.992486</td>\n",
       "      <td>0.985054</td>\n",
       "      <td>0.989800</td>\n",
       "      <td>0.989221</td>\n",
       "    </tr>\n",
       "    <tr>\n",
       "      <th>mol6</th>\n",
       "      <td>0.984901</td>\n",
       "      <td>0.984721</td>\n",
       "      <td>0.986612</td>\n",
       "      <td>0.986479</td>\n",
       "      <td>0.982443</td>\n",
       "      <td>0.992529</td>\n",
       "      <td>1.000000</td>\n",
       "      <td>0.979882</td>\n",
       "      <td>0.971961</td>\n",
       "      <td>0.982916</td>\n",
       "      <td>0.989108</td>\n",
       "      <td>0.981747</td>\n",
       "      <td>0.989480</td>\n",
       "      <td>0.991055</td>\n",
       "      <td>0.984956</td>\n",
       "      <td>0.971875</td>\n",
       "      <td>0.989694</td>\n",
       "      <td>0.981969</td>\n",
       "      <td>0.993961</td>\n",
       "      <td>0.986406</td>\n",
       "    </tr>\n",
       "    <tr>\n",
       "      <th>mol7</th>\n",
       "      <td>0.971926</td>\n",
       "      <td>0.992802</td>\n",
       "      <td>0.990888</td>\n",
       "      <td>0.989632</td>\n",
       "      <td>0.992541</td>\n",
       "      <td>0.982514</td>\n",
       "      <td>0.979882</td>\n",
       "      <td>1.000000</td>\n",
       "      <td>0.967399</td>\n",
       "      <td>0.991820</td>\n",
       "      <td>0.987257</td>\n",
       "      <td>0.993205</td>\n",
       "      <td>0.987344</td>\n",
       "      <td>0.982980</td>\n",
       "      <td>0.982873</td>\n",
       "      <td>0.966974</td>\n",
       "      <td>0.987390</td>\n",
       "      <td>0.995651</td>\n",
       "      <td>0.981438</td>\n",
       "      <td>0.990921</td>\n",
       "    </tr>\n",
       "    <tr>\n",
       "      <th>mol8</th>\n",
       "      <td>0.965778</td>\n",
       "      <td>0.971170</td>\n",
       "      <td>0.972320</td>\n",
       "      <td>0.972142</td>\n",
       "      <td>0.969079</td>\n",
       "      <td>0.976389</td>\n",
       "      <td>0.971961</td>\n",
       "      <td>0.967399</td>\n",
       "      <td>1.000000</td>\n",
       "      <td>0.967142</td>\n",
       "      <td>0.974356</td>\n",
       "      <td>0.967147</td>\n",
       "      <td>0.974274</td>\n",
       "      <td>0.975954</td>\n",
       "      <td>0.971322</td>\n",
       "      <td>0.998924</td>\n",
       "      <td>0.974208</td>\n",
       "      <td>0.969850</td>\n",
       "      <td>0.970887</td>\n",
       "      <td>0.971387</td>\n",
       "    </tr>\n",
       "    <tr>\n",
       "      <th>mol9</th>\n",
       "      <td>0.973097</td>\n",
       "      <td>0.988123</td>\n",
       "      <td>0.989945</td>\n",
       "      <td>0.989002</td>\n",
       "      <td>0.994554</td>\n",
       "      <td>0.983465</td>\n",
       "      <td>0.982916</td>\n",
       "      <td>0.991820</td>\n",
       "      <td>0.967142</td>\n",
       "      <td>1.000000</td>\n",
       "      <td>0.986093</td>\n",
       "      <td>0.990718</td>\n",
       "      <td>0.986176</td>\n",
       "      <td>0.982130</td>\n",
       "      <td>0.982104</td>\n",
       "      <td>0.966763</td>\n",
       "      <td>0.986985</td>\n",
       "      <td>0.990921</td>\n",
       "      <td>0.982356</td>\n",
       "      <td>0.990201</td>\n",
       "    </tr>\n",
       "    <tr>\n",
       "      <th>mol10</th>\n",
       "      <td>0.982656</td>\n",
       "      <td>0.991348</td>\n",
       "      <td>0.993737</td>\n",
       "      <td>0.994090</td>\n",
       "      <td>0.988295</td>\n",
       "      <td>0.992935</td>\n",
       "      <td>0.989108</td>\n",
       "      <td>0.987257</td>\n",
       "      <td>0.974356</td>\n",
       "      <td>0.986093</td>\n",
       "      <td>1.000000</td>\n",
       "      <td>0.985463</td>\n",
       "      <td>0.998408</td>\n",
       "      <td>0.994374</td>\n",
       "      <td>0.986857</td>\n",
       "      <td>0.974372</td>\n",
       "      <td>0.995910</td>\n",
       "      <td>0.988780</td>\n",
       "      <td>0.990464</td>\n",
       "      <td>0.993719</td>\n",
       "    </tr>\n",
       "    <tr>\n",
       "      <th>mol11</th>\n",
       "      <td>0.971021</td>\n",
       "      <td>0.990833</td>\n",
       "      <td>0.988392</td>\n",
       "      <td>0.987242</td>\n",
       "      <td>0.989449</td>\n",
       "      <td>0.984057</td>\n",
       "      <td>0.981747</td>\n",
       "      <td>0.993205</td>\n",
       "      <td>0.967147</td>\n",
       "      <td>0.990718</td>\n",
       "      <td>0.985463</td>\n",
       "      <td>1.000000</td>\n",
       "      <td>0.985789</td>\n",
       "      <td>0.982786</td>\n",
       "      <td>0.983045</td>\n",
       "      <td>0.966815</td>\n",
       "      <td>0.985823</td>\n",
       "      <td>0.993175</td>\n",
       "      <td>0.981117</td>\n",
       "      <td>0.988006</td>\n",
       "    </tr>\n",
       "    <tr>\n",
       "      <th>mol12</th>\n",
       "      <td>0.982905</td>\n",
       "      <td>0.991354</td>\n",
       "      <td>0.993614</td>\n",
       "      <td>0.994014</td>\n",
       "      <td>0.988403</td>\n",
       "      <td>0.993185</td>\n",
       "      <td>0.989480</td>\n",
       "      <td>0.987344</td>\n",
       "      <td>0.974274</td>\n",
       "      <td>0.986176</td>\n",
       "      <td>0.998408</td>\n",
       "      <td>0.985789</td>\n",
       "      <td>1.000000</td>\n",
       "      <td>0.994577</td>\n",
       "      <td>0.987172</td>\n",
       "      <td>0.974305</td>\n",
       "      <td>0.995973</td>\n",
       "      <td>0.989035</td>\n",
       "      <td>0.990736</td>\n",
       "      <td>0.993671</td>\n",
       "    </tr>\n",
       "    <tr>\n",
       "      <th>mol13</th>\n",
       "      <td>0.985618</td>\n",
       "      <td>0.988660</td>\n",
       "      <td>0.990829</td>\n",
       "      <td>0.990932</td>\n",
       "      <td>0.984869</td>\n",
       "      <td>0.995489</td>\n",
       "      <td>0.991055</td>\n",
       "      <td>0.982980</td>\n",
       "      <td>0.975954</td>\n",
       "      <td>0.982130</td>\n",
       "      <td>0.994374</td>\n",
       "      <td>0.982786</td>\n",
       "      <td>0.994577</td>\n",
       "      <td>1.000000</td>\n",
       "      <td>0.987355</td>\n",
       "      <td>0.976284</td>\n",
       "      <td>0.993655</td>\n",
       "      <td>0.985627</td>\n",
       "      <td>0.991003</td>\n",
       "      <td>0.990180</td>\n",
       "    </tr>\n",
       "    <tr>\n",
       "      <th>mol14</th>\n",
       "      <td>0.975640</td>\n",
       "      <td>0.984535</td>\n",
       "      <td>0.985232</td>\n",
       "      <td>0.985334</td>\n",
       "      <td>0.983751</td>\n",
       "      <td>0.986840</td>\n",
       "      <td>0.984956</td>\n",
       "      <td>0.982873</td>\n",
       "      <td>0.971322</td>\n",
       "      <td>0.982104</td>\n",
       "      <td>0.986857</td>\n",
       "      <td>0.983045</td>\n",
       "      <td>0.987172</td>\n",
       "      <td>0.987355</td>\n",
       "      <td>1.000000</td>\n",
       "      <td>0.971104</td>\n",
       "      <td>0.987911</td>\n",
       "      <td>0.985319</td>\n",
       "      <td>0.984252</td>\n",
       "      <td>0.985437</td>\n",
       "    </tr>\n",
       "    <tr>\n",
       "      <th>mol15</th>\n",
       "      <td>0.966275</td>\n",
       "      <td>0.971171</td>\n",
       "      <td>0.972351</td>\n",
       "      <td>0.972152</td>\n",
       "      <td>0.969034</td>\n",
       "      <td>0.976582</td>\n",
       "      <td>0.971875</td>\n",
       "      <td>0.966974</td>\n",
       "      <td>0.998924</td>\n",
       "      <td>0.966763</td>\n",
       "      <td>0.974372</td>\n",
       "      <td>0.966815</td>\n",
       "      <td>0.974305</td>\n",
       "      <td>0.976284</td>\n",
       "      <td>0.971104</td>\n",
       "      <td>1.000000</td>\n",
       "      <td>0.974182</td>\n",
       "      <td>0.969626</td>\n",
       "      <td>0.970870</td>\n",
       "      <td>0.971199</td>\n",
       "    </tr>\n",
       "    <tr>\n",
       "      <th>mol16</th>\n",
       "      <td>0.982388</td>\n",
       "      <td>0.991401</td>\n",
       "      <td>0.994354</td>\n",
       "      <td>0.994735</td>\n",
       "      <td>0.988968</td>\n",
       "      <td>0.992486</td>\n",
       "      <td>0.989694</td>\n",
       "      <td>0.987390</td>\n",
       "      <td>0.974208</td>\n",
       "      <td>0.986985</td>\n",
       "      <td>0.995910</td>\n",
       "      <td>0.985823</td>\n",
       "      <td>0.995973</td>\n",
       "      <td>0.993655</td>\n",
       "      <td>0.987911</td>\n",
       "      <td>0.974182</td>\n",
       "      <td>1.000000</td>\n",
       "      <td>0.988885</td>\n",
       "      <td>0.990742</td>\n",
       "      <td>0.994419</td>\n",
       "    </tr>\n",
       "    <tr>\n",
       "      <th>mol17</th>\n",
       "      <td>0.974928</td>\n",
       "      <td>0.993837</td>\n",
       "      <td>0.991535</td>\n",
       "      <td>0.990556</td>\n",
       "      <td>0.992694</td>\n",
       "      <td>0.985054</td>\n",
       "      <td>0.981969</td>\n",
       "      <td>0.995651</td>\n",
       "      <td>0.969850</td>\n",
       "      <td>0.990921</td>\n",
       "      <td>0.988780</td>\n",
       "      <td>0.993175</td>\n",
       "      <td>0.989035</td>\n",
       "      <td>0.985627</td>\n",
       "      <td>0.985319</td>\n",
       "      <td>0.969626</td>\n",
       "      <td>0.988885</td>\n",
       "      <td>1.000000</td>\n",
       "      <td>0.983673</td>\n",
       "      <td>0.991309</td>\n",
       "    </tr>\n",
       "    <tr>\n",
       "      <th>mol18</th>\n",
       "      <td>0.981843</td>\n",
       "      <td>0.986439</td>\n",
       "      <td>0.988257</td>\n",
       "      <td>0.988426</td>\n",
       "      <td>0.984324</td>\n",
       "      <td>0.989800</td>\n",
       "      <td>0.993961</td>\n",
       "      <td>0.981438</td>\n",
       "      <td>0.970887</td>\n",
       "      <td>0.982356</td>\n",
       "      <td>0.990464</td>\n",
       "      <td>0.981117</td>\n",
       "      <td>0.990736</td>\n",
       "      <td>0.991003</td>\n",
       "      <td>0.984252</td>\n",
       "      <td>0.970870</td>\n",
       "      <td>0.990742</td>\n",
       "      <td>0.983673</td>\n",
       "      <td>1.000000</td>\n",
       "      <td>0.988192</td>\n",
       "    </tr>\n",
       "    <tr>\n",
       "      <th>mol19</th>\n",
       "      <td>0.979000</td>\n",
       "      <td>0.993647</td>\n",
       "      <td>0.996468</td>\n",
       "      <td>0.997372</td>\n",
       "      <td>0.991469</td>\n",
       "      <td>0.989221</td>\n",
       "      <td>0.986406</td>\n",
       "      <td>0.990921</td>\n",
       "      <td>0.971387</td>\n",
       "      <td>0.990201</td>\n",
       "      <td>0.993719</td>\n",
       "      <td>0.988006</td>\n",
       "      <td>0.993671</td>\n",
       "      <td>0.990180</td>\n",
       "      <td>0.985437</td>\n",
       "      <td>0.971199</td>\n",
       "      <td>0.994419</td>\n",
       "      <td>0.991309</td>\n",
       "      <td>0.988192</td>\n",
       "      <td>1.000000</td>\n",
       "    </tr>\n",
       "  </tbody>\n",
       "</table>\n",
       "</div>"
      ],
      "text/plain": [
       "           mol0      mol1      mol2      mol3      mol4      mol5      mol6  \\\n",
       "mol0   1.000000  0.978243  0.979730  0.979535  0.973913  0.987235  0.984901   \n",
       "mol1   0.978243  1.000000  0.994291  0.993053  0.989928  0.988001  0.984721   \n",
       "mol2   0.979730  0.994291  1.000000  0.995675  0.992016  0.989729  0.986612   \n",
       "mol3   0.979535  0.993053  0.995675  1.000000  0.990997  0.989770  0.986479   \n",
       "mol4   0.973913  0.989928  0.992016  0.990997  1.000000  0.983980  0.982443   \n",
       "mol5   0.987235  0.988001  0.989729  0.989770  0.983980  1.000000  0.992529   \n",
       "mol6   0.984901  0.984721  0.986612  0.986479  0.982443  0.992529  1.000000   \n",
       "mol7   0.971926  0.992802  0.990888  0.989632  0.992541  0.982514  0.979882   \n",
       "mol8   0.965778  0.971170  0.972320  0.972142  0.969079  0.976389  0.971961   \n",
       "mol9   0.973097  0.988123  0.989945  0.989002  0.994554  0.983465  0.982916   \n",
       "mol10  0.982656  0.991348  0.993737  0.994090  0.988295  0.992935  0.989108   \n",
       "mol11  0.971021  0.990833  0.988392  0.987242  0.989449  0.984057  0.981747   \n",
       "mol12  0.982905  0.991354  0.993614  0.994014  0.988403  0.993185  0.989480   \n",
       "mol13  0.985618  0.988660  0.990829  0.990932  0.984869  0.995489  0.991055   \n",
       "mol14  0.975640  0.984535  0.985232  0.985334  0.983751  0.986840  0.984956   \n",
       "mol15  0.966275  0.971171  0.972351  0.972152  0.969034  0.976582  0.971875   \n",
       "mol16  0.982388  0.991401  0.994354  0.994735  0.988968  0.992486  0.989694   \n",
       "mol17  0.974928  0.993837  0.991535  0.990556  0.992694  0.985054  0.981969   \n",
       "mol18  0.981843  0.986439  0.988257  0.988426  0.984324  0.989800  0.993961   \n",
       "mol19  0.979000  0.993647  0.996468  0.997372  0.991469  0.989221  0.986406   \n",
       "\n",
       "           mol7      mol8      mol9     mol10     mol11     mol12     mol13  \\\n",
       "mol0   0.971926  0.965778  0.973097  0.982656  0.971021  0.982905  0.985618   \n",
       "mol1   0.992802  0.971170  0.988123  0.991348  0.990833  0.991354  0.988660   \n",
       "mol2   0.990888  0.972320  0.989945  0.993737  0.988392  0.993614  0.990829   \n",
       "mol3   0.989632  0.972142  0.989002  0.994090  0.987242  0.994014  0.990932   \n",
       "mol4   0.992541  0.969079  0.994554  0.988295  0.989449  0.988403  0.984869   \n",
       "mol5   0.982514  0.976389  0.983465  0.992935  0.984057  0.993185  0.995489   \n",
       "mol6   0.979882  0.971961  0.982916  0.989108  0.981747  0.989480  0.991055   \n",
       "mol7   1.000000  0.967399  0.991820  0.987257  0.993205  0.987344  0.982980   \n",
       "mol8   0.967399  1.000000  0.967142  0.974356  0.967147  0.974274  0.975954   \n",
       "mol9   0.991820  0.967142  1.000000  0.986093  0.990718  0.986176  0.982130   \n",
       "mol10  0.987257  0.974356  0.986093  1.000000  0.985463  0.998408  0.994374   \n",
       "mol11  0.993205  0.967147  0.990718  0.985463  1.000000  0.985789  0.982786   \n",
       "mol12  0.987344  0.974274  0.986176  0.998408  0.985789  1.000000  0.994577   \n",
       "mol13  0.982980  0.975954  0.982130  0.994374  0.982786  0.994577  1.000000   \n",
       "mol14  0.982873  0.971322  0.982104  0.986857  0.983045  0.987172  0.987355   \n",
       "mol15  0.966974  0.998924  0.966763  0.974372  0.966815  0.974305  0.976284   \n",
       "mol16  0.987390  0.974208  0.986985  0.995910  0.985823  0.995973  0.993655   \n",
       "mol17  0.995651  0.969850  0.990921  0.988780  0.993175  0.989035  0.985627   \n",
       "mol18  0.981438  0.970887  0.982356  0.990464  0.981117  0.990736  0.991003   \n",
       "mol19  0.990921  0.971387  0.990201  0.993719  0.988006  0.993671  0.990180   \n",
       "\n",
       "          mol14     mol15     mol16     mol17     mol18     mol19  \n",
       "mol0   0.975640  0.966275  0.982388  0.974928  0.981843  0.979000  \n",
       "mol1   0.984535  0.971171  0.991401  0.993837  0.986439  0.993647  \n",
       "mol2   0.985232  0.972351  0.994354  0.991535  0.988257  0.996468  \n",
       "mol3   0.985334  0.972152  0.994735  0.990556  0.988426  0.997372  \n",
       "mol4   0.983751  0.969034  0.988968  0.992694  0.984324  0.991469  \n",
       "mol5   0.986840  0.976582  0.992486  0.985054  0.989800  0.989221  \n",
       "mol6   0.984956  0.971875  0.989694  0.981969  0.993961  0.986406  \n",
       "mol7   0.982873  0.966974  0.987390  0.995651  0.981438  0.990921  \n",
       "mol8   0.971322  0.998924  0.974208  0.969850  0.970887  0.971387  \n",
       "mol9   0.982104  0.966763  0.986985  0.990921  0.982356  0.990201  \n",
       "mol10  0.986857  0.974372  0.995910  0.988780  0.990464  0.993719  \n",
       "mol11  0.983045  0.966815  0.985823  0.993175  0.981117  0.988006  \n",
       "mol12  0.987172  0.974305  0.995973  0.989035  0.990736  0.993671  \n",
       "mol13  0.987355  0.976284  0.993655  0.985627  0.991003  0.990180  \n",
       "mol14  1.000000  0.971104  0.987911  0.985319  0.984252  0.985437  \n",
       "mol15  0.971104  1.000000  0.974182  0.969626  0.970870  0.971199  \n",
       "mol16  0.987911  0.974182  1.000000  0.988885  0.990742  0.994419  \n",
       "mol17  0.985319  0.969626  0.988885  1.000000  0.983673  0.991309  \n",
       "mol18  0.984252  0.970870  0.990742  0.983673  1.000000  0.988192  \n",
       "mol19  0.985437  0.971199  0.994419  0.991309  0.988192  1.000000  "
      ]
     },
     "execution_count": 4,
     "metadata": {},
     "output_type": "execute_result"
    }
   ],
   "source": [
    "# check correlation\n",
    "concat_sub.iloc[:,1:ncol].corr()"
   ]
  },
  {
   "cell_type": "code",
   "execution_count": 5,
   "metadata": {},
   "outputs": [],
   "source": [
    "# get the data fields ready for stacking\n",
    "concat_sub['m_max'] = concat_sub.iloc[:, 1:ncol].max(axis=1)\n",
    "concat_sub['m_min'] = concat_sub.iloc[:, 1:ncol].min(axis=1)\n",
    "concat_sub['m_mean'] = concat_sub.iloc[:, 1:ncol].mean(axis=1)\n",
    "concat_sub['m_median'] = concat_sub.iloc[:, 1:ncol].median(axis=1)"
   ]
  },
  {
   "cell_type": "code",
   "execution_count": 6,
   "metadata": {},
   "outputs": [],
   "source": [
    "cutoff_lo = 0.8\n",
    "cutoff_hi = 0.2"
   ]
  },
  {
   "cell_type": "code",
   "execution_count": 7,
   "metadata": {},
   "outputs": [],
   "source": [
    "import datetime\n",
    "today = str(datetime.date.today())"
   ]
  },
  {
   "cell_type": "code",
   "execution_count": 8,
   "metadata": {},
   "outputs": [],
   "source": [
    "concat_sub['isFraud'] = concat_sub['m_mean']\n",
    "concat_sub[['TransactionID', 'isFraud']].to_csv(f'stack_mean_{today}.csv', \n",
    "                                        index=False, float_format='%.6f')"
   ]
  },
  {
   "cell_type": "code",
   "execution_count": 9,
   "metadata": {},
   "outputs": [],
   "source": [
    "concat_sub['isFraud'] = concat_sub['m_median']\n",
    "concat_sub[['TransactionID', 'isFraud']].to_csv(f'stack_median_{today}.csv', \n",
    "                                        index=False, float_format='%.6f')"
   ]
  },
  {
   "cell_type": "code",
   "execution_count": null,
   "metadata": {},
   "outputs": [],
   "source": []
  }
 ],
 "metadata": {
  "kernelspec": {
   "display_name": "Environment (conda_py3.6)",
   "language": "python",
   "name": "conda_py3.6"
  },
  "language_info": {
   "codemirror_mode": {
    "name": "ipython",
    "version": 3
   },
   "file_extension": ".py",
   "mimetype": "text/x-python",
   "name": "python",
   "nbconvert_exporter": "python",
   "pygments_lexer": "ipython3",
   "version": "3.6.7"
  }
 },
 "nbformat": 4,
 "nbformat_minor": 2
}
